spawns: 
  default: 
    world: world
    x: -950.6377830906993
    y: 71.0
    z: -455.04206449977573
    yaw: 0.68481445
    pitch: 3.6876945
