lastAccountName: cgcmayflower
timestamps:
  login: 1580531663934
  logout: 1580531658376
  lastteleport: 1579189219847
ipAddress: 213.138.90.123
logoutlocation:
  world: world
  x: -950.4107504081406
  y: 70.0
  z: -440.0379988499926
  yaw: 21.513306
  pitch: 13.585967
lastlocation:
  world: world
  x: -2909.1824237776727
  y: 69.0
  z: 5920.3131724731375
  yaw: 45.134205
  pitch: 6.7855177
