lastAccountName: CallumN2006
timestamps:
  login: 1579123244287
  lastteleport: 1579123212175
  logout: 1579131868493
ipAddress: 128.72.119.250
lastlocation:
  world: world
  x: -953.5587857382568
  y: 70.0
  z: -456.049319553917
  yaw: 98.72739
  pitch: 6.617537
logoutlocation:
  world: world
  x: -895.0138718105085
  y: 70.0
  z: -426.31429327030594
  yaw: -149.97253
  pitch: -5.8324585
