lastAccountName: Alex_ololo
timestamps:
  login: 1580495997959
  logout: 1580498193285
  lastteleport: 1580497668230
ipAddress: 213.24.134.140
logoutlocation:
  world: world
  x: -943.0737732998551
  y: 81.49097592606407
  z: -422.7491188793473
  yaw: -90.42346
  pitch: 33.300095
godmode: true
lastlocation:
  world: world
  x: -932.5
  y: 70.0
  z: -486.5
  yaw: 270.67102
  pitch: 5.3550577
