lastAccountName: AlexOlolo_02
timestamps:
  login: 1579077943155
  lastteleport: 1579078480643
  logout: 1579076402235
ipAddress: 213.24.132.90
lastlocation:
  world: world
  x: -3126.5
  y: 65.0
  z: 5636.5
  yaw: 0.0
  pitch: 0.0
logoutlocation:
  world: world
  x: -1563.9722732844473
  y: 67.0
  z: 4202.699999988079
  yaw: 75.450035
  pitch: 5.8500004
godmode: true
