world: world
x: -932.5562546999454
y: 70.0
z: -486.22601564676023
yaw: 270.67102
pitch: 5.3550577
name: automine
lastowner: c9e66f5a-b9fc-373d-a892-6365f5fa4181
