world: world
x: -950.8810024504969
y: 92.0
z: -455.5271757043694
yaw: 90.03052
pitch: 9.800416
name: case
lastowner: c9e66f5a-b9fc-373d-a892-6365f5fa4181
