world: world
x: -972.3477664531614
y: 70.0
z: -481.98436576017565
yaw: 123.96655
pitch: 7.8652043
name: game
lastowner: c9e66f5a-b9fc-373d-a892-6365f5fa4181
