world: world
x: -961.701763875044
y: 70.0
z: -458.29020791165897
yaw: 118.13677
pitch: 0.56760365
name: parkur
lastowner: c9e66f5a-b9fc-373d-a892-6365f5fa4181
