world: world
x: -916.4567910232612
y: 70.0
z: -472.2161797422064
yaw: 179.64697
pitch: 7.89205
name: pvp
lastowner: c9e66f5a-b9fc-373d-a892-6365f5fa4181
