world: world
x: -928.5002122000867
y: 72.0
z: -422.4257434808025
yaw: 270.32684
pitch: 10.417072
name: shop
lastowner: c9e66f5a-b9fc-373d-a892-6365f5fa4181
