world: world
p1:
  ==: Vector
  x: -847.0
  y: 105.0
  z: -353.0
p2:
  ==: Vector
  x: -796.0
  y: 175.0
  z: -302.0
gameleveldestroydelay: 8
loselevel:
  p1:
    ==: Vector
    x: -839.0
    y: 113.0
    z: -345.0
  p2:
    ==: Vector
    x: -800.0
    y: 113.0
    z: -305.0
spawnpoint:
  ==: Vector
  x: -818.4805058855464
  y: 163.0
  z: -323.49094774800824
spectatorspawn:
  ==: Vector
  x: -818.3980812384475
  y: 167.25115308358366
  z: -323.4706513686954
maxPlayers: 4
minPlayers: 2
votePercent: 0.75
timelimit: 300
countdown: 10
teleportto: PREVIOUS
damageenabled: 'NO'
reward:
  money: 0
  xp: 0
